384 360 414 337 411 384 432 392 442 421 437 443 473 444 461 454 489 459 494 438 537 462 526 518 566 537 564 542 524 532 584 558 536 559 607 560 659 573 629 537 597 584 598 566 613 580 616 605 640 635 630 594 693 627 651 610 643 641 648 636 689 669 719 718 807 790 802 816 832 885 883 945 976 1007 1008 1063 1010 1069 1041 1030 1066 1089 1127 1155 1187 1236 1256 1259 1221 1282 1366 1380 1381 1377 1434 1446 1461 1455 1469 1477 1544 1560 1600 1539 1611 1601 1606 1612 1619 1637 1601 1717 1676 1738 1704 1770 1790 1831 1818 1801 
1926 1991 2004 1873 1920 2070 2065 2073 2040 2035 2041 2062 1980 2030 2125 2213 2129 2124 2204 2257 2236 2267 2259 2275 2352 2258 2314 2318 2342 2282 2393 2345 2429 2467 2478 2447 2538 2519 2520 2481 2580 2568 2567 2493 2535 2638 2616 2489 2546 2453 2436 2356 2378 2397 2484 2387 2335 2407 2412 2529 2483 2456 2503 2615 2546 2633 2712 2725 2755 2860 2715 2807 2873 2801 2780 2807 2828 2820 2753 2722 2748 2809 2803 2814 2922 2815 2814 2810 2890 2941 2879 2893 2950 2959 2882 2962 2932 2981 2875 2929 2905 2968 2981 2919 2879 2939 2900 2890 2972 3014 2967 3042 2966 2976 3045 3001 3032 3073 3063 3059 
3160 3120 3116 3152 3126 3137 3152 3125 3147 3239 3181 3220 3260 3249 3197 3315 3375 3251 3301 3331 3266 3319 3280 3272 3330 3366 3306 3317 3273 3403 3426 3426 3347 3380 3340 3305 3303 3371 3377 3326 3369 3382 3438 3458 3420 3465 3490 3539 3573 3512 3431 3528 3499 3438 3472 3484 3459 3417 3472 3449 3514 3473 3456 3404 3508 3436 3593 3508 3613 3578 3603 3529 3574 3530 3549 3498 3439 3528 3479 3542 3464 3578 3587 3597 3562 3665 3562 3737 3741 3673 3688 3729 3604 3618 3626 3635 3630 3588 3544 3590 3627 3510 3550 3688 3638 3629 3623 3672 3634 3672 3581 3633 3643 3694 3577 3601 3612 3629 3617 3568 
3594 3566 3595 3532 3597 3550 3626 3560 3513 3539 3495 3491 3632 3518 3521 3588 3555 3563 3579 3646 3415 3543 3511 3579 3479 3501 3515 3447 3381 3488 3472 3462 3423 3491 3413 3540 3493 3556 3450 3483 3468 3435 3512 3464 3510 3434 3408 3459 3583 3459 3504 3505 3466 3550 3515 3434 3486 3503 3411 3514 3436 3421 3504 3432 3419 3456 3531 3443 3373 3398 3433 3393 3392 3450 3499 3387 3492 3453 3464 3488 3485 3398 3427 3382 3301 3357 3293 3249 3199 3084 3149 3101 3211 3119 3214 3142 3252 3218 3187 3253 3257 3272 3357 3265 3445 3355 3398 3333 3394 3349 3364 3299 3388 3301 3426 3345 3367 3460 3465 3386 
3492 3448 3515 3421 3388 3423 3442 3449 3504 3413 3367 3425 3521 3385 3380 3395 3412 3397 3423 3510 3460 3372 3331 3399 3331 3308 3322 3468 3433 3374 3390 3371 3450 3343 3311 3374 3381 3265 3366 3338 3245 3380 3294 3307 3332 3365 3337 3267 3400 3363 3350 3361 3202 3280 3356 3292 3256 3341 3343 3337 3382 3361 3331 3302 3401 3303 3388 3385 3371 3378 3442 3343 3417 3303 3396 3467 3454 3411 3459 3365 3417 3349 3394 3412 3462 3345 3429 3443 3505 3354 3388 3451 3552 3498 3521 3514 3573 3527 3395 3468 3485 3563 3473 3463 3484 3457 3494 3481 3512 3472 3549 3394 3477 3464 3528 3460 3534 3409 3515 3582 
3486 3477 3553 3639 3580 3542 3505 3596 3557 3580 3590 3453 3543 3596 3556 3690 3573 3472 3558 3561 3619 3539 3574 3508 3451 3514 3496 3495 3489 3555 3446 3511 3425 3510 3443 3483 3547 3556 3482 3466 3419 3464 3474 3505 3350 3540 3555 3507 3514 3500 3498 3470 3475 3541 3552 3471 3478 3429 3519 3438 3491 3470 3478 3421 3503 3450 3511 3437 3484 3417 3425 3429 3568 3484 3467 3497 3551 3582 3466 3534 3456 3458 3471 3437 3482 3576 3391 3346 3448 3514 3569 3524 3547 3537 3519 3487 3493 3404 3453 3402 3350 3394 3385 3377 3414 3395 3421 3336 3401 3304 3495 3354 3438 3380 3401 3399 3456 3392 3371 3354 
3305 3233 3219 3167 3294 3220 3180 3214 3338 3438 3471 3410 3561 3571 3418 3466 3501 3450 3496 3560 3508 3518 3484 3514 3485 3510 3462 3449 3501 3472 3502 3408 3403 3509 3390 3398 3458 3401 3340 3396 3395 3406 3392 3406 3398 3309 3305 3407 3433 3368 3410 3412 3356 3328 3366 3369 3338 3263 3270 3375 3317 3379 3324 3326 3267 3335 3327 3313 3293 3323 3293 3354 3398 3437 3412 3417 3356 3382 3288 3314 3309 3372 3390 3383 3325 3417 3306 3361 3284 3360 3275 3397 3286 3353 3357 3298 3360 3234 3392 3361 3312 3300 3361 3353 3366 3360 3401 3431 3408 3328 3316 3272 3332 3379 3307 3337 3301 3327 3309 3239 
3299 3292 3336 3238 3282 3327 3297 3297 3212 3245 3242 3314 3252 3289 3297 3271 3271 3309 3238 3267 3296 3269 3308 3296 3241 3227 3233 3258 3262 3235 3186 3318 3201 3287 3181 3280 3156 3252 3265 3297 3193 3203 3119 3181 3155 3162 3112 3243 3171 3270 3187 3259 3206 3196 3084 3172 3029 3179 3183 3210 3067 3267 3169 3158 3200 3311 3227 3288 3189 3339 3304 3293 3222 3305 3286 3276 3297 3332 3308 3257 3199 3168 3287 3314 3346 3314 3346 3297 3243 3268 3278 3309 3319 3270 3291 3234 3333 3263 3293 3186 3302 3195 3275 3234 3333 3295 3269 3263 3369 3289 3300 3268 3333 3392 3450 3302 3371 3327 3435 3282 
3290 3331 3317 3323 3276 3401 3338 3318 3413 3260 3427 3436 3514 3411 3413 3474 3505 3470 3379 3498 3427 3454 3430 3508 3552 3526 3418 3482 3411 3523 3467 3507 3475 3495 3479 3553 3489 3555 3519 3574 3452 3516 3505 3448 3450 3658 3608 3612 3567 3467 3461 3577 3493 3522 3512 3574 3610 3582 3579 3617 3582 3556 3643 3607 3766 3625 3679 3618 3630 3624 3644 3634 3731 3618 3576 3606 3584 3587 3674 3655 3617 3550 3591 3742 3743 3626 3696 3719 3779 3648 3707 3668 3623 3641 3627 3646 3652 3704 3691 3654 3677 3732 3803 3686 3699 3696 3804 3783 3744 3723 3742 3723 3725 3775 3733 3783 3777 3769 3696 3781 
3634 3649 3500 3575 3436 3610 3575 3651 3684 3685 3618 3838 3749 3783 3855 3916 3924 3963 3909 3886 3883 3814 3819 3889 3848 3891 3923 3842 3984 3874 3910 3996 3990 3968 4039 4044 4034 3931 3992 3945 3975 3987 4029 4017 3934 3975 3998 3918 3988 4020 3990 4023 3940 4025 3952 4106 4034 3957 4010 3942 4115 4035 4029 3971 4073 4068 4044 4028 3984 3988 3984 4004 3939 4008 3987 3985 3941 4055 3945 4108 3962 4001 3962 3989 3909 3947 3941 3837 3955 3968 3938 4079 3989 3976 3931 3997 3868 4024 3901 3989 3854 3871 3799 3892 3854 3963 3848 3907 3855 3903 3752 3810 3759 3835 3682 3916 3749 3881 3735 3755 
3789 3849 3739 3899 3749 3825 3786 3817 3666 3743 3785 3840 3671 3777 3717 3836 3827 3812 3625 3696 3781 3755 3730 3734 3702 3752 3706 3604 3670 3670 3709 3703 3735 3696 3666 3691 3682 3594 3621 3571 3581 3557 3579 3588 3640 3583 3641 3563 3691 3692 3650 3572 3625 3713 3607 3573 3656 3570 3553 3563 3556 3564 3539 3535 3507 3535 3567 3533 3512 3617 3570 3569 3441 3566 3459 3507 3519 3505 3503 3495 3482 3589 3443 3501 3381 3473 3492 3592 3498 3545 3551 3491 3471 3623 3505 3552 3455 3496 3384 3363 3370 3393 3361 3447 3370 3333 3318 3390 3356 3487 3451 3378 3448 3315 3367 3302 3412 3375 3394 3319 
3468 3417 3412 3388 3334 3359 3416 3350 3402 3304 3388 3347 3400 3356 3401 3458 3454 3362 3423 3387 3489 3268 3438 3436 3432 3349 3413 3401 3369 3355 3381 3357 3481 3514 3367 3362 3423 3398 3349 3342 3341 3390 3401 3316 3334 3356 3357 3361 3371 3343 3366 3314 3457 3354 3392 3276 3330 3372 3387 3226 3391 3330 3446 3338 3341 3343 3383 3363 3393 3375 3330 3432 3393 3332 3375 3303 3402 3313 3321 3414 3375 3406 3318 3419 3356 3382 3328 3349 3418 3334 3289 3277 3388 3385 3372 3349 3348 3271 3257 3245 3266 3331 3376 3239 3328 3367 3408 3287 3335 3276 3393 3357 3358 3360 3389 3314 3311 3358 3310 3344 
3473 3320 3491 3434 3521 3421 3450 3373 3531 3407 3460 3441 3477 3484 3493 3395 3412 3405 3480 3426 3454 3442 3520 3393 3534 3522 3526 3426 3574 3469 3516 3475 3484 3499 3551 3480 3526 3431 3504 3401 3519 3323 3475 3419 3472 3473 3510 3474 3439 3375 3443 3378 3417 3357 3501 3341 3456 3321 3356 3311 3464 3403 3500 3497 3429 3373 3517 3427 3441 3436 3544 3525 3641 3536 3533 3536 3619 3540 3593 3507 3579 3514 3509 3479 3519 3508 3576 3528 3453 3413 3532 3313 3378 3383 3455 3344 3416 3374 3412 3345 3427 3368 3465 3359 3467 3353 3465 3351 3449 3302 3411 3269 3404 3251 3338 3313 3308 3145 3203 3216 
3244 3151 3179 3182 3154 3108 3144 3149 3066 3148 3105 3099 3084 2989 3018 3033 3071 3029 2909 3020 2971 2998 2900 2895 2966 2923 2918 2886 3052 2944 2923 2840 2819 2804 2896 2776 2760 2773 2786 2729 2633 2705 2731 2819 2655 2784 2666 2666 2620 2636 2563 2697 2651 2593 2633 2637 2614 2561 2571 2597 2569 2513 2535 2511 2572 2506 2499 2480 2560 2550 2457 2349 2466 2506 2435 2441 2506 2487 2449 2449 2424 2454 2501 2439 2406 2483 2411 2393 2389 2397 2387 2292 2418 2387 2369 2362 2436 2293 2375 2338 2381 2267 2325 2292 2379 2264 2356 2244 2368 2268 2286 2273 2447 2301 2379 2320 2489 2322 2328 2274 
max: 4115
min: 337